%YAML:1.0
calibration_time: "Fri Mar 17 11:36:40 2017"
nframes: 19
image_width: 1920
image_height: 1080
board_width: 5
board_height: 8
square_size: 4.3999999761581421e-02
flags: 0
camera_matrix: !!opencv-matrix
   rows: 3
   cols: 3
   dt: d
   data: [ 1.6178424324408668e+03, 0., 9.6954136601462949e+02, 0.,
       1.6053674317536222e+03, 4.9845562655701497e+02, 0., 0., 1. ]
distortion_coefficients: !!opencv-matrix
   rows: 5
   cols: 1
   dt: d
   data: [ -6.5226056870945778e-02, 3.0319069986451466e-02,
       -7.7512554279482839e-03, 4.3224481942968560e-03,
       1.4477611132048882e+00 ]
avg_reprojection_error: 7.9378705130557170e-01
per_view_reprojection_errors: !!opencv-matrix
   rows: 19
   cols: 1
   dt: f
   data: [ 3.81578386e-01, 7.97221065e-01, 8.94428790e-01,
       7.24258482e-01, 1.04481721e+00, 4.38381314e-01, 6.83202684e-01,
       3.69778872e-01, 4.50117469e-01, 5.36282063e-01, 1.30442762e+00,
       5.72907448e-01, 1.30838835e+00, 8.30573320e-01, 7.90926099e-01,
       1.03623736e+00, 6.97250187e-01, 5.72309554e-01, 7.37618566e-01 ]
# a set of 6-tuples (rotation vector + translation vector) for each view
extrinsic_parameters: !!opencv-matrix
   rows: 19
   cols: 6
   dt: d
   data: [ -3.5745074384641312e-01, 3.2259594159164612e-01,
       1.6827996619064987e+00, 1.6370608902526335e-01,
       -6.8982795918866510e-02, 6.3732503571181787e-01,
       -4.7884394282039827e-01, 2.2686585216723987e-01,
       9.6671635877319706e-01, 5.9549732218452479e-02,
       -1.5055865076730865e-01, 7.1684643562903327e-01,
       -5.8039836692702895e-01, 1.9707723116354045e-01,
       9.0388384013891387e-01, 5.6169899872603832e-02,
       -1.2788229810746560e-01, 6.6935843923414273e-01,
       -5.4430954201732129e-01, 1.2721445109439786e-01,
       5.3589103095742663e-01, 1.2810653027849049e-03,
       -1.7985811153402662e-01, 6.3558693078415462e-01,
       -4.7006470752891349e-01, 1.4204863059818665e-01,
       9.9137067955225644e-01, 6.0902467760762413e-02,
       -1.5267212066798422e-01, 6.0882506243501366e-01,
       -4.3298771959209592e-01, 3.8158964145321045e-01,
       1.5884226917271351e+00, 1.4093318827978532e-01,
       -5.6340441555884871e-02, 5.5785744662161030e-01,
       -4.2629489049833497e-01, 3.6573547615519963e-01,
       1.7479285515022855e+00, 1.4865527036763707e-01,
       -6.7857439156005131e-02, 5.6020947577666957e-01,
       -2.9131527974244964e-01, 2.1399698819485327e-01,
       1.5349456291584302e+00, 1.3024597317589223e-01,
       -1.1438428472786230e-01, 8.0250362598383751e-01,
       -4.0657703497742942e-01, 3.3414094120699367e-01,
       1.4832838764328720e+00, 1.5183923185239345e-01,
       -5.3598481549752643e-02, 1.0419813635893436e+00,
       -5.3534107036285228e-01, 3.5066677111884614e-01,
       1.3977761462662111e+00, 1.1339894302461133e-01,
       -8.2351631521424634e-02, 6.3005932933434461e-01,
       -3.8377579297616210e-01, 1.7739539430683238e-01,
       1.1023861244219737e+00, 9.9301095967381195e-02,
       -1.6340411538608407e-01, 6.5631835629688418e-01,
       -3.0696146467322510e-01, -2.4261692296590573e-01,
       -1.1355178612349319e+00, -2.2279119425524904e-01,
       3.5166190941142053e-02, 7.1992021934747841e-01,
       -3.2583834822781454e-01, -2.2578589501059240e-01,
       -9.9467259798970287e-01, -2.3654611791990371e-01,
       3.0996019625574485e-06, 7.3178665910911078e-01,
       -2.3902829499808340e-01, -1.7602902492917208e-01,
       -6.5850760712978273e-01, -2.0665951415110187e-01,
       -6.5968337385889697e-02, 7.2307397365849579e-01,
       -1.6018645918635852e-01, -1.6984602344704375e-01,
       -6.0693993467629137e-01, -1.7717595118983093e-01,
       -7.8596677745373197e-02, 6.9830591094638228e-01,
       -3.5571566004376037e-01, -2.8536965486284444e-01,
       -8.1412567223337007e-01, -2.1253423750696177e-01,
       -8.7968309953551892e-03, 7.4155021144349420e-01,
       -3.3504439888676008e-01, -3.0339609271164736e-01,
       -1.2896421110289604e+00, -1.8994889033646373e-01,
       4.4945257500548522e-02, 6.9877761569902330e-01,
       -1.7382340839142929e-01, -3.1004652419540790e-01,
       -2.2260815419715785e+00, -8.9626039364680263e-02,
       1.3225508180920850e-01, 6.6035375252900685e-01,
       -1.3934520707514911e-01, -2.8677797778800440e-01,
       -2.0827136344090733e+00, -1.2369081031261674e-01,
       1.3621112591376242e-01, 6.6438902510067721e-01 ]
