%YAML:1.0
calibration_time: "Fri Mar 17 14:37:25 2017"
nframes: 30
image_width: 1920
image_height: 1080
board_width: 7
board_height: 9
square_size: 2.5000000372529030e-02
flags: 0
camera_matrix: !!opencv-matrix
   rows: 3
   cols: 3
   dt: d
   data: [ 1.5742658613723392e+04, 0., 9.5997511216920759e+02, 0.,
       1.6490006931368531e+04, 5.3958337497676564e+02, 0., 0., 1. ]
distortion_coefficients: !!opencv-matrix
   rows: 5
   cols: 1
   dt: d
   data: [ 3.7666226973084619e+01, 5.9301772866988428e-02,
       -7.0648306532808777e-02, 6.3256117816580984e-02,
       5.2415882949076624e-05 ]
avg_reprojection_error: 6.3091063959368909e-01
per_view_reprojection_errors: !!opencv-matrix
   rows: 30
   cols: 1
   dt: f
   data: [ 1.88968897e+00, 9.64433789e-01, 3.69308650e-01,
       2.47459948e-01, 3.13076079e-01, 3.38361055e-01, 4.13476110e-01,
       4.42937315e-01, 6.26636922e-01, 8.30424130e-01, 4.12399948e-01,
       3.52633804e-01, 5.38489819e-01, 4.29524750e-01, 5.35190642e-01,
       4.41983640e-01, 4.20088500e-01, 4.31568861e-01, 4.34637278e-01,
       5.37373900e-01, 5.58359087e-01, 5.21376371e-01, 4.91851687e-01,
       6.22340024e-01, 4.89145190e-01, 4.86161619e-01, 5.44984341e-01,
       7.72165239e-01, 7.06494570e-01, 6.39478683e-01 ]
# a set of 6-tuples (rotation vector + translation vector) for each view
extrinsic_parameters: !!opencv-matrix
   rows: 30
   cols: 6
   dt: d
   data: [ 3.6550195162771376e-01, -3.6732230586625181e-01,
       1.5189121132109928e+00, 8.2248551210503798e-02,
       -9.5582415131240994e-02, 5.3152360706152235e+00,
       3.5738389061944076e-01, -3.6322802925503356e-01,
       1.5156448044555666e+00, 7.8920246947106212e-02,
       -9.1016742764295860e-02, 5.7851719296595698e+00,
       3.6643244398739727e-01, -3.6368620620596004e-01,
       1.5153385369638623e+00, 7.6676503701630344e-02,
       -8.7448293810916483e-02, 6.2074776056789860e+00,
       3.7578705020044978e-01, -3.6064389424825727e-01,
       1.5172917575733411e+00, 7.8938730995183212e-02,
       -9.0287974853784203e-02, 6.4530512257373998e+00,
       3.7337343193065275e-01, -3.7065934105149434e-01,
       1.5285080949788139e+00, 8.3199997743702417e-02,
       -9.3051953303900745e-02, 6.6670076087489445e+00,
       3.7431309943275320e-01, -3.6934049083136611e-01,
       1.5355746680263427e+00, 8.3619777734557629e-02,
       -9.4712249001012189e-02, 6.7585439783819812e+00,
       3.6348920196663048e-01, 3.6919190030540977e-01,
       -1.5346537563615579e+00, -1.1565699301277270e-01,
       3.7919764079807225e-02, 6.9166515879128880e+00,
       3.5929697447488829e-01, 3.6557187839214661e-01,
       -1.5267268984672431e+00, -1.1600141159312501e-01,
       3.8039469627609769e-02, 6.9973197696417131e+00,
       3.5432279124960286e-01, 3.6022551778118866e-01,
       -1.5082084582934081e+00, -1.1567762439722770e-01,
       4.2625903214376523e-02, 7.1397831943939938e+00,
       3.3268564835414888e-01, 3.5215115924717261e-01,
       -1.4552526592152355e+00, -1.1863832258491315e-01,
       5.9870304661758508e-02, 7.2970773610168207e+00,
       -3.3812019940217097e-01, -3.6205207712267168e-01,
       -1.4089411134101200e+00, -1.2026312229253350e-01,
       6.2526883955203560e-02, 7.2957809984223241e+00,
       -3.4057610684618317e-01, -3.6389949020034174e-01,
       -1.3606955583459448e+00, -1.2146933022127909e-01,
       5.8356830435051479e-02, 7.3326635372445841e+00,
       -3.3546797520086263e-01, -3.6364207018399131e-01,
       -1.3103729393209695e+00, -1.2196171555689980e-01,
       5.4237622569353827e-02, 7.3530189711403739e+00,
       -3.2872171812884027e-01, -3.5864607676773513e-01,
       -1.2518731969600467e+00, -1.2225348558572517e-01,
       4.7705998174665677e-02, 7.3648106126586184e+00,
       3.2109311744282854e-01, 3.5388818570127012e-01,
       -1.1977961235553993e+00, -1.2239714487466787e-01,
       4.0997361715681115e-02, 7.4234600991633641e+00,
       3.2633706904990784e-01, 3.5720062837701361e-01,
       -1.1525147742106063e+00, -1.2136648216467037e-01,
       2.7828275931290641e-02, 7.4072232656905683e+00,
       3.1435733605605609e-01, 3.5153838641066737e-01,
       -1.1191075032346087e+00, -1.2005715405122917e-01,
       1.8242205218837359e-02, 7.3848047518460520e+00,
       3.0871745016393726e-01, 3.4888471014130884e-01,
       -1.1076209718964434e+00, -1.1961903945084605e-01,
       1.5677688991684889e-02, 7.3763921098768357e+00,
       3.1347769867983716e-01, 3.5021554009917361e-01,
       -1.0788714334054750e+00, -1.1900888943199264e-01,
       5.2119445650152712e-03, 7.3702211542455522e+00,
       3.0180316729462486e-01, 3.4488740412999025e-01,
       -1.0517410833522327e+00, -1.1829170186386935e-01,
       -1.6297123654484215e-03, 7.3676730159210830e+00,
       2.9799424741092856e-01, 3.4296267882795928e-01,
       -1.0467745501729475e+00, -1.1867058320749642e-01,
       -2.9449513916848802e-03, 7.3671572781639485e+00,
       2.9819016802354170e-01, 3.4124196498802317e-01,
       -1.0513511684716639e+00, -1.1922231616095924e-01,
       -2.3418962146803603e-03, 7.3723254448078031e+00,
       3.0172564684967906e-01, 3.4225814441649149e-01,
       -1.0623735933127740e+00, -1.1968317497737802e-01,
       -7.0934544113809210e-04, 7.3762648624962388e+00,
       3.0880001592249262e-01, 3.4299434825696656e-01,
       -1.1004382042160339e+00, -1.1990820371132699e-01,
       4.5691027434927884e-03, 7.3788526513757580e+00,
       -3.0132063775213641e-01, -3.4281717111837934e-01,
       -1.1729035384837496e+00, -1.1856672328731732e-01,
       1.9785189801151501e-02, 7.3222957405453970e+00,
       -3.2555095651483756e-01, -3.5442607822143624e-01,
       -1.2545142491610271e+00, -1.1537738459042836e-01,
       3.6128702613132752e-02, 7.3221164043275335e+00,
       -3.3744175721153341e-01, -3.5787805650972937e-01,
       -1.3348983094253766e+00, -1.1187731700500077e-01,
       4.8041935419792986e-02, 7.3246167618082128e+00,
       3.4735953773555872e-01, 3.6418872736783159e-01,
       -1.4121824237656833e+00, -1.0821816501538163e-01,
       5.8307800079584561e-02, 7.3938828819249247e+00,
       3.5540088685949367e-01, 3.6702206125959697e-01,
       -1.4872537649321689e+00, -1.0225040262858248e-01,
       6.6404437891469090e-02, 7.4117470702749433e+00,
       3.6571897764720168e-01, -3.6038109843634331e-01,
       1.5195391939939329e+00, 1.0038985574330704e-01,
       -6.4605070757308328e-02, 7.3693269974857660e+00 ]
