%YAML:1.0
calibration_time: "Fri Mar 17 15:26:11 2017"
nframes: 30
image_width: 1920
image_height: 1080
board_width: 7
board_height: 9
square_size: 2.5000000372529030e-02
flags: 0
camera_matrix: !!opencv-matrix
   rows: 3
   cols: 3
   dt: d
   data: [ 1.6843621584337805e+03, 0., 9.2370096814808949e+02, 0.,
       1.5724517840791516e+03, 6.4919293602987341e+02, 0., 0., 1. ]
distortion_coefficients: !!opencv-matrix
   rows: 5
   cols: 1
   dt: d
   data: [ 4.1259467256280680e-01, -7.6689024759195445e-01,
       1.9093390518246590e-02, -7.6142974708480055e-03,
       8.8110870189725266e-01 ]
avg_reprojection_error: 9.5526403140284089e-01
per_view_reprojection_errors: !!opencv-matrix
   rows: 30
   cols: 1
   dt: f
   data: [ 6.40591025e-01, 6.76414490e-01, 7.75314927e-01,
       7.58617640e-01, 8.89769316e-01, 9.10406828e-01, 7.79850960e-01,
       1.38285565e+00, 9.77126122e-01, 1.43091035e+00, 1.07049549e+00,
       1.07654154e+00, 1.12085056e+00, 1.11882710e+00, 1.75059056e+00,
       1.12459481e+00, 2.86828160e-01, 6.36350453e-01, 1.67737210e+00,
       9.36163127e-01, 5.73584437e-01, 7.95679986e-01, 9.74200845e-01,
       5.95694780e-01, 5.60611188e-01, 5.98867714e-01, 4.73140687e-01,
       6.70811117e-01, 6.02973580e-01, 9.44602013e-01 ]
# a set of 6-tuples (rotation vector + translation vector) for each view
extrinsic_parameters: !!opencv-matrix
   rows: 30
   cols: 6
   dt: d
   data: [ -6.0378530044862440e-03, 1.0500092029601255e-03,
       -1.5636366929247618e+00, -3.2102546974352823e-02,
       -2.1992870605777462e-03, 6.1028713258746448e-01,
       8.6433947026825480e-03, -1.3162134730554258e-02,
       -1.5611586125664152e+00, -3.1317133656008293e-02,
       -1.0447754744987853e-03, 6.0820965297396135e-01,
       3.4309442615752049e-02, -1.1144936193624338e-02,
       -1.5502504770065144e+00, -4.0029493068760517e-02,
       8.1933194271584589e-04, 6.0858380337003104e-01,
       5.1613895105921063e-02, -6.6272469817155566e-02,
       -1.5441491016440569e+00, -4.5500031358792790e-02,
       7.4351055163328888e-03, 6.0128724885228013e-01,
       6.4817103568040144e-02, -1.1159245826644737e-01,
       -1.5186641357901796e+00, -3.9289129948990593e-02,
       1.8730530379680903e-02, 5.9602852730999989e-01,
       9.2196511284934390e-02, -1.1586295036038174e-01,
       -1.4845636806653100e+00, -2.3980856292967891e-02,
       3.4765864484409291e-02, 5.9593894412047899e-01,
       1.5218059633555359e-01, -9.0390132505785814e-02,
       -1.4475342464186536e+00, -3.1784296496528815e-02,
       2.5050356594840031e-02, 6.0031863920771655e-01,
       1.8489462906644119e-01, -7.6382217862479881e-02,
       -1.4154907723348513e+00, -4.7794711326944732e-02,
       2.0009922761792524e-02, 6.0219807619889820e-01,
       2.2420956500458178e-01, -3.9758018764542900e-02,
       -1.4018946832261838e+00, -6.3157343939269445e-02,
       1.5553189210788068e-02, 5.9819845829014573e-01,
       1.6347081757374732e-01, 4.2142667979637423e-03,
       -1.4234451886107891e+00, -6.1739728555845128e-02,
       3.0538049598371350e-02, 6.0714348609851365e-01,
       1.1114850632703563e-01, 1.1166653327817329e-01,
       -1.4928975478788058e+00, -5.7425807979587420e-02,
       4.6389521717031632e-02, 6.1618416724261216e-01,
       1.8049292105742026e-01, -1.1689827414219373e-01,
       1.5598407027368650e+00, 1.2265730013239057e-01,
       -1.0620729586407858e-01, 5.7591027862468980e-01,
       1.7591187145030873e-01, -4.9690187056427006e-02,
       1.5150142449097370e+00, 1.0101260848677047e-01,
       -1.2064905588288227e-01, 5.6749306900570340e-01,
       1.9001348091837172e-01, 1.1728974734113131e-02,
       1.4740673125314903e+00, 9.1655953304338192e-02,
       -1.2182239067835170e-01, 5.5709239391522614e-01,
       1.8989329433326116e-01, 6.5029025756498382e-02,
       1.4505556653669767e+00, 8.8333955160900271e-02,
       -1.3596953212358789e-01, 5.5208665039915505e-01,
       1.8428230626485934e-01, 1.1039364460328119e-01,
       1.4312479539128009e+00, 7.7974056482855561e-02,
       -1.4735978008046138e-01, 5.4835766719571866e-01,
       1.8030902179506533e-01, 1.2573715385572085e-01,
       1.4217272330478354e+00, 7.1580403234836665e-02,
       -1.5600026302331385e-01, 5.4529072014864843e-01,
       1.6061387733413035e-01, 1.6248974147446446e-01,
       1.4172429994603006e+00, 7.0290664677040510e-02,
       -1.5562840732319352e-01, 5.4568051674608586e-01,
       7.3444063553528879e-02, 2.0959748646821266e-01,
       1.4263729164669159e+00, 5.7446760962414425e-02,
       -1.3704002367806561e-01, 5.4998891379851789e-01,
       -4.4540206589652517e-03, 1.8188998377463902e-01,
       1.4412014549682592e+00, 5.7456552563218959e-02,
       -1.4712559388046897e-01, 5.6187250120147747e-01,
       -4.0343436829809502e-02, 1.0249275279656539e-01,
       1.4726454598391074e+00, 6.9828814198827568e-02,
       -1.6160313250503777e-01, 5.6702345976415636e-01,
       -7.2330267131619719e-02, 4.6474020805952795e-02,
       1.5018368273074554e+00, 1.0278046464898630e-01,
       -1.7107217954356857e-01, 5.7353119793883134e-01,
       -8.7818513594055944e-02, 1.0684167733020777e-02,
       1.5404963259438555e+00, 1.4264414232441147e-01,
       -1.7151103082873648e-01, 5.8021045254575232e-01,
       7.9254845410507025e-03, -1.1839484753580939e-01,
       -1.5701556791237783e+00, -4.2295458985987321e-02,
       -1.2854774557646009e-02, 5.6240005054826980e-01,
       1.2248925297323484e-02, -1.2704569827383300e-01,
       -1.5616158886200060e+00, -3.8996421934321235e-02,
       -1.4514768123810584e-02, 5.6217634513587011e-01,
       2.8646607371211871e-02, -1.2375817549932401e-01,
       -1.5517685981190719e+00, -3.6522503825317763e-02,
       -1.4851734251480612e-02, 5.6279098408127226e-01,
       6.9593268570163333e-02, -1.4447480014683689e-01,
       -1.5156024654024463e+00, -4.2017579384981983e-02,
       -1.4745759949109852e-02, 5.6297674012857057e-01,
       1.0299502773815962e-01, -1.8295524671160199e-01,
       -1.4878992357828122e+00, -5.7713947681840315e-02,
       -1.4148500900412239e-02, 5.6004410101859270e-01,
       1.6240728973678520e-01, -2.1073995021549577e-01,
       -1.4510978479339713e+00, -6.2357574266237933e-02,
       -1.2941610451201766e-02, 5.5405754569375487e-01,
       1.8189130700801504e-01, -2.4066182468641920e-01,
       -1.4099282070323227e+00, -6.6441784416016905e-02,
       3.2099027027820931e-03, 5.5781879789952082e-01 ]
