cam0:
  T_cam_imu:
  - [-0.994557112725825, -0.09779474339158299, 0.03594909861799371, -0.04980507344420429]
  - [-0.09341075574408488, 0.9897344952517244, 0.10816681385773771, -0.07194494519071262]
  - [-0.04615820878013702, 0.1042200416128779, -0.9934825628507127, -0.035909955824246956]
  - [0.0, 0.0, 0.0, 1.0]
  camera_model: pinhole
  distortion_coeffs: [-0.4244, 0.0563, -0.0021, -0.0011]
  distortion_model: radtan
  intrinsics: [587.2734963842038, 587.7037925627304, 334.5492514350457, 247.43507407748353]
  resolution: [640, 480]
  rostopic: /image_mono
  timeshift_cam_imu: 0
