cam0:
  T_cam_imu:
  - [0.08581815400362867, -0.9956979373156242, -0.034940836693205975, -0.0022700850579281846]
  - [-0.9922474716481892, -0.08857971071766547, 0.08716989077055928, 0.000837286413626755]
  - [-0.0898899296427915, 0.02718919775547855, -0.9955805080827106, 0.00012824641201683896]
  - [0.0, 0.0, 0.0, 1.0]
  camera_model: pinhole
  distortion_coeffs: [0.4125, -0.7668, 0.019, -0.0076]
  distortion_model: radtan
  intrinsics: [1574.2658613723393, 1649.000693136853, 959.9751121692076, 539.5833749767656]
  resolution: [1920, 1080]
  rostopic: /cam/image_raw
  timeshift_cam_imu: 0
